{
 "cells": [
  {
   "cell_type": "markdown",
   "id": "3ea31857",
   "metadata": {},
   "source": [
    "*目次*\n",
    "\n",
    "1.  (フィッシャーの)線形判別分析（LDA）は次元削減をして、データの圧縮を行うもの\n",
    "2. LDAは、特徴量抽出という手法に該当\n",
    "3. 判別分析はデータの群わけを最適に判断する方法\n",
    "4. LDAは相関比を最大にすること\n",
    "5. 主成分分析との違い\n",
    "6. 線形判別分析の内部の仕組み(まとめ)\n",
    "7. Wineのデータセットを用いて、線形判別分析を行う"
   ]
  },
  {
   "cell_type": "markdown",
   "id": "8b1bbe2d",
   "metadata": {},
   "source": [
    "## ■ (フィッシャーの)線形判別分析（LDA）は次元削減をして、データの圧縮を行うもの"
   ]
  },
  {
   "cell_type": "markdown",
   "id": "9f2529b1",
   "metadata": {},
   "source": [
    "1. 次元削減は記憶域や計算効率の改善の他に次元の呪いを減らすことで予測性能を向上させることが目的\n",
    " \n",
    " \n",
    "2.  次元削減には特徴量選択と特徴量抽出がある　　\n",
    " - 特徴量選択：特徴量の一部を選択　(ex 逐次特徴量選択アルゴリズムなど)\n",
    " - 特徴量抽出：特徴量の集合から情報を抽出　　(ex PCA,LDAなど)"
   ]
  },
  {
   "cell_type": "markdown",
   "id": "9ae70c0a",
   "metadata": {},
   "source": [
    "## ■ LDAは、特徴量抽出という手法に該当"
   ]
  },
  {
   "cell_type": "markdown",
   "id": "e1979a80",
   "metadata": {},
   "source": [
    "- 特徴量抽出とは、、、  \n",
    "\n",
    "1.  正則化されていない（多重共線性のある）「次元の呪い」による過学習を抑制するために利用\n",
    "\n",
    " - 正則化：モデルが複雑にならないように、モデルを学習する際に複雑さが増すことに対するペナルティを設けて過学習を防ぐ  \n",
    "     L1正則化：特定のデータの重みを0することで、不要なデータを削除する(係数の絶対値の和)  \n",
    "     L2正則化：データの大きさを０に近づけて、滑らかなモデルとする(係数の二乗和)\n",
    " - 次元の呪い：次元の数が増えれば増えるほど、一般化するために必要な訓練データの量が「指数関数」的に増えてしまう   \n",
    "    →特徴量どうしの組み合わせ問題（めっちゃ計算コストが増える、無関係なはずの特徴量にまで意味を見出してしまうことも）\n",
    " - 過学習：訓練データにフィットしすぎて、未知のデータに対応できなくなること\n",
    " \n",
    "    \n",
    "2. クラスの分離を最適化する特徴量部分空間を見つけることが目的    \n",
    "    →特徴量ベクトルのN次元空間をうまくグルーピングする"
   ]
  },
  {
   "cell_type": "markdown",
   "id": "91d4676d",
   "metadata": {},
   "source": [
    "## ■ 判別分析はデータの群わけを最適に判断する方法(判別分析のイメージ)"
   ]
  },
  {
   "cell_type": "markdown",
   "id": "c5a6677a",
   "metadata": {},
   "source": [
    "- 多変量データを持つ個体をどう判別すればいいのか。。。  \n",
    "  例えば、肥満体な人間を表すために、体重が１００kgであればいいか？？といえば、違う。身長も踏まえて、BMIという指数で判別する。  \n",
    " 　  →身長、体重という２変量から、BMIという１変量に判別基準を減らすことができた！　"
   ]
  },
  {
   "cell_type": "markdown",
   "id": "f001caf9",
   "metadata": {},
   "source": [
    "## ■ LDAは相関比を最大にすること"
   ]
  },
  {
   "cell_type": "markdown",
   "id": "a7f16971",
   "metadata": {},
   "source": [
    "- 相関比\n",
    "$$J(w)=　クラス間変動　/　クラス内変動 $$\n",
    "- 線形判別関数(相関比を最大にするように係数と切片を設定、例えば2クラス)\n",
    "$$ \\hat{y} = w_1x_1 + w_2x_2 + w_0$$   \n",
    "※相関比を用いて、係数を決定する。切片は２群の平均の中点が原点に来るように決定(2変数の式)。\n",
    "\n",
    "\n",
    "\n",
    "- 線形判別分析の導出\n",
    "   カテゴリごとの平均からクラス間変動を、カテゴリごとの値とカテゴリごとの平均からクラス内変動を求めると以下のようになる。 \n",
    "  \n",
    "$$J(w) = W^TS_BW/W^TS_WW$$\n",
    "  \n",
    "   上記は、二次形式の式なので、実数値になっている。これを最大化するW(1×dのベクトル)を求めるのが目的。  \n",
    "   ただし、分母を0にすると∞に発散するので、制約条件が必要となる。\n",
    "   \n",
    "   \n",
    "   \n",
    "- 制約条件　\n",
    "  $$W^TS_WW=1$$\n",
    "\n",
    "\n",
    "- 線形判別分析とは、制約条件ありの相関比を最大化してWを求める問題  \n",
    "  $$\n",
    "   max_w W^TS_BW\n",
    "  $$\n",
    "  $$\n",
    "   s.t. W^TS_WW = 1\n",
    "  $$\n",
    "\n",
    "- 上記の制約条件付きの相関比最大化問題をとくと\n",
    "  \n",
    "  $$\n",
    "   S_W^-1S_B・W = λW\n",
    "  $$\n",
    "  \n",
    "  の固有値問題に置き換えることができる。\n"
   ]
  },
  {
   "cell_type": "markdown",
   "id": "7eb8d9be",
   "metadata": {},
   "source": [
    "1. 仮説(入力xに対して)：  \n",
    "\n",
    "  - 2クラス分類  　\n",
    "  $$\n",
    "    \\mathrm y_i =\n",
    "        \\begin{cases}\n",
    "            1 \\quad  \\hat{y} > 0 \\\\ \n",
    "            -1 \\quad \\hat{y}\\leqq 0 \\\\\n",
    "        \\end{cases}\n",
    "$$\n",
    "  - 多クラス分類  \n",
    "  $$\n",
    "     y_i ∈ Y = {1, 2, . . . , G}\n",
    "  $$\n",
    "  \n",
    "2. 損失関数(最大値を求めるけど、多クラスでも同じ結果になる)：  \n",
    "　$$J(w) = S_W^-1 S_B$$"
   ]
  },
  {
   "cell_type": "markdown",
   "id": "4ba7eebb",
   "metadata": {},
   "source": [
    "固有値の大きいものに対応する固有値ベクトルほど、射影された特徴量データはクラス間変動が大きくクラス内変動が小さくなる。"
   ]
  },
  {
   "cell_type": "markdown",
   "id": "b8a1bfe9",
   "metadata": {},
   "source": [
    "## ■ 主成分分析との違い"
   ]
  },
  {
   "cell_type": "markdown",
   "id": "1ab9977b",
   "metadata": {},
   "source": [
    "主成分分析は、分散が最大になるような合成変量を説明変数のデータから新しく作り、次元削減をするのに対して、線形判別分析は目的変数のデータを射影して相関比が最大となるように次元削減を行う。\n",
    "だから、教師ありデータの次元削減になる。"
   ]
  },
  {
   "cell_type": "markdown",
   "id": "56931ea5",
   "metadata": {},
   "source": [
    "## ■ 線形判別分析の内部の仕組み"
   ]
  },
  {
   "cell_type": "markdown",
   "id": "1c5d28ab",
   "metadata": {},
   "source": [
    "1. d次元のデータセットを標準化する（N(0,1)）。データの大きさに分散が依存してしまうのを防ぐ。\n",
    "2. クラスごとにd次元の平均ベクトル(各次元の平均値で構成されるベクトル)を計算する。\n",
    "3. 平均ベクトルを使って、クラス間(群間)変動行列Sb　と、クラス内(郡内)変動行列Swを生成する。　\n",
    "4. 行列Sw-1Sbの固有値ベクトルと対応する固有値を計算する。\n",
    "5. 固有値を降順でソートすることで、対応する固有ベクトルをランクつけする。\n",
    "6. d × k 次元の変換行列Wを生成するために、最も大きいk個の固有値に対応するk個の固有ベクトルを選択する（固有ベクトルから変換行列Wを生成）。  \n",
    "   固有ベクトルは、この行列の列である。\n",
    "7. 変換行列Wを使って、データを新しい特徴量部分空間へ射影する。"
   ]
  },
  {
   "cell_type": "markdown",
   "id": "b2065729",
   "metadata": {},
   "source": [
    "## ■ Wineのデータセットを用いて、線形判別分析を行う"
   ]
  },
  {
   "cell_type": "code",
   "execution_count": 2,
   "id": "8018540f",
   "metadata": {},
   "outputs": [],
   "source": [
    "import pandas as pd\n",
    "import matplotlib.pyplot as plt\n",
    "%matplotlib inline\n",
    "df_wine = pd.read_csv('https://archive.ics.uci.edu/ml/''machine-learning-databases/wine/wine.data',header=None)\n",
    "\n",
    "df_wine.columns = ['Class label','Alcohol','Malic acid','Ash','Alcalinity of ash','Magnesium',\n",
    "                   'Total phenols','Flavanoids','Nonflavanoid phenols','Proanthocyanins','Color intensity',\n",
    "                   'Hue','OD280/OD315 of diluted wines','Prolines'] \n",
    "##クラスラベルが目的変数になる"
   ]
  },
  {
   "cell_type": "code",
   "execution_count": 3,
   "id": "ad9f0fa6",
   "metadata": {},
   "outputs": [
    {
     "data": {
      "text/html": [
       "<div>\n",
       "<style scoped>\n",
       "    .dataframe tbody tr th:only-of-type {\n",
       "        vertical-align: middle;\n",
       "    }\n",
       "\n",
       "    .dataframe tbody tr th {\n",
       "        vertical-align: top;\n",
       "    }\n",
       "\n",
       "    .dataframe thead th {\n",
       "        text-align: right;\n",
       "    }\n",
       "</style>\n",
       "<table border=\"1\" class=\"dataframe\">\n",
       "  <thead>\n",
       "    <tr style=\"text-align: right;\">\n",
       "      <th></th>\n",
       "      <th>Class label</th>\n",
       "      <th>Alcohol</th>\n",
       "      <th>Malic acid</th>\n",
       "      <th>Ash</th>\n",
       "      <th>Alcalinity of ash</th>\n",
       "      <th>Magnesium</th>\n",
       "      <th>Total phenols</th>\n",
       "      <th>Flavanoids</th>\n",
       "      <th>Nonflavanoid phenols</th>\n",
       "      <th>Proanthocyanins</th>\n",
       "      <th>Color intensity</th>\n",
       "      <th>Hue</th>\n",
       "      <th>OD280/OD315 of diluted wines</th>\n",
       "      <th>Prolines</th>\n",
       "    </tr>\n",
       "  </thead>\n",
       "  <tbody>\n",
       "    <tr>\n",
       "      <th>0</th>\n",
       "      <td>1</td>\n",
       "      <td>14.23</td>\n",
       "      <td>1.71</td>\n",
       "      <td>2.43</td>\n",
       "      <td>15.6</td>\n",
       "      <td>127</td>\n",
       "      <td>2.80</td>\n",
       "      <td>3.06</td>\n",
       "      <td>0.28</td>\n",
       "      <td>2.29</td>\n",
       "      <td>5.64</td>\n",
       "      <td>1.04</td>\n",
       "      <td>3.92</td>\n",
       "      <td>1065</td>\n",
       "    </tr>\n",
       "    <tr>\n",
       "      <th>1</th>\n",
       "      <td>1</td>\n",
       "      <td>13.20</td>\n",
       "      <td>1.78</td>\n",
       "      <td>2.14</td>\n",
       "      <td>11.2</td>\n",
       "      <td>100</td>\n",
       "      <td>2.65</td>\n",
       "      <td>2.76</td>\n",
       "      <td>0.26</td>\n",
       "      <td>1.28</td>\n",
       "      <td>4.38</td>\n",
       "      <td>1.05</td>\n",
       "      <td>3.40</td>\n",
       "      <td>1050</td>\n",
       "    </tr>\n",
       "    <tr>\n",
       "      <th>2</th>\n",
       "      <td>1</td>\n",
       "      <td>13.16</td>\n",
       "      <td>2.36</td>\n",
       "      <td>2.67</td>\n",
       "      <td>18.6</td>\n",
       "      <td>101</td>\n",
       "      <td>2.80</td>\n",
       "      <td>3.24</td>\n",
       "      <td>0.30</td>\n",
       "      <td>2.81</td>\n",
       "      <td>5.68</td>\n",
       "      <td>1.03</td>\n",
       "      <td>3.17</td>\n",
       "      <td>1185</td>\n",
       "    </tr>\n",
       "    <tr>\n",
       "      <th>3</th>\n",
       "      <td>1</td>\n",
       "      <td>14.37</td>\n",
       "      <td>1.95</td>\n",
       "      <td>2.50</td>\n",
       "      <td>16.8</td>\n",
       "      <td>113</td>\n",
       "      <td>3.85</td>\n",
       "      <td>3.49</td>\n",
       "      <td>0.24</td>\n",
       "      <td>2.18</td>\n",
       "      <td>7.80</td>\n",
       "      <td>0.86</td>\n",
       "      <td>3.45</td>\n",
       "      <td>1480</td>\n",
       "    </tr>\n",
       "    <tr>\n",
       "      <th>4</th>\n",
       "      <td>1</td>\n",
       "      <td>13.24</td>\n",
       "      <td>2.59</td>\n",
       "      <td>2.87</td>\n",
       "      <td>21.0</td>\n",
       "      <td>118</td>\n",
       "      <td>2.80</td>\n",
       "      <td>2.69</td>\n",
       "      <td>0.39</td>\n",
       "      <td>1.82</td>\n",
       "      <td>4.32</td>\n",
       "      <td>1.04</td>\n",
       "      <td>2.93</td>\n",
       "      <td>735</td>\n",
       "    </tr>\n",
       "    <tr>\n",
       "      <th>...</th>\n",
       "      <td>...</td>\n",
       "      <td>...</td>\n",
       "      <td>...</td>\n",
       "      <td>...</td>\n",
       "      <td>...</td>\n",
       "      <td>...</td>\n",
       "      <td>...</td>\n",
       "      <td>...</td>\n",
       "      <td>...</td>\n",
       "      <td>...</td>\n",
       "      <td>...</td>\n",
       "      <td>...</td>\n",
       "      <td>...</td>\n",
       "      <td>...</td>\n",
       "    </tr>\n",
       "    <tr>\n",
       "      <th>173</th>\n",
       "      <td>3</td>\n",
       "      <td>13.71</td>\n",
       "      <td>5.65</td>\n",
       "      <td>2.45</td>\n",
       "      <td>20.5</td>\n",
       "      <td>95</td>\n",
       "      <td>1.68</td>\n",
       "      <td>0.61</td>\n",
       "      <td>0.52</td>\n",
       "      <td>1.06</td>\n",
       "      <td>7.70</td>\n",
       "      <td>0.64</td>\n",
       "      <td>1.74</td>\n",
       "      <td>740</td>\n",
       "    </tr>\n",
       "    <tr>\n",
       "      <th>174</th>\n",
       "      <td>3</td>\n",
       "      <td>13.40</td>\n",
       "      <td>3.91</td>\n",
       "      <td>2.48</td>\n",
       "      <td>23.0</td>\n",
       "      <td>102</td>\n",
       "      <td>1.80</td>\n",
       "      <td>0.75</td>\n",
       "      <td>0.43</td>\n",
       "      <td>1.41</td>\n",
       "      <td>7.30</td>\n",
       "      <td>0.70</td>\n",
       "      <td>1.56</td>\n",
       "      <td>750</td>\n",
       "    </tr>\n",
       "    <tr>\n",
       "      <th>175</th>\n",
       "      <td>3</td>\n",
       "      <td>13.27</td>\n",
       "      <td>4.28</td>\n",
       "      <td>2.26</td>\n",
       "      <td>20.0</td>\n",
       "      <td>120</td>\n",
       "      <td>1.59</td>\n",
       "      <td>0.69</td>\n",
       "      <td>0.43</td>\n",
       "      <td>1.35</td>\n",
       "      <td>10.20</td>\n",
       "      <td>0.59</td>\n",
       "      <td>1.56</td>\n",
       "      <td>835</td>\n",
       "    </tr>\n",
       "    <tr>\n",
       "      <th>176</th>\n",
       "      <td>3</td>\n",
       "      <td>13.17</td>\n",
       "      <td>2.59</td>\n",
       "      <td>2.37</td>\n",
       "      <td>20.0</td>\n",
       "      <td>120</td>\n",
       "      <td>1.65</td>\n",
       "      <td>0.68</td>\n",
       "      <td>0.53</td>\n",
       "      <td>1.46</td>\n",
       "      <td>9.30</td>\n",
       "      <td>0.60</td>\n",
       "      <td>1.62</td>\n",
       "      <td>840</td>\n",
       "    </tr>\n",
       "    <tr>\n",
       "      <th>177</th>\n",
       "      <td>3</td>\n",
       "      <td>14.13</td>\n",
       "      <td>4.10</td>\n",
       "      <td>2.74</td>\n",
       "      <td>24.5</td>\n",
       "      <td>96</td>\n",
       "      <td>2.05</td>\n",
       "      <td>0.76</td>\n",
       "      <td>0.56</td>\n",
       "      <td>1.35</td>\n",
       "      <td>9.20</td>\n",
       "      <td>0.61</td>\n",
       "      <td>1.60</td>\n",
       "      <td>560</td>\n",
       "    </tr>\n",
       "  </tbody>\n",
       "</table>\n",
       "<p>178 rows × 14 columns</p>\n",
       "</div>"
      ],
      "text/plain": [
       "     Class label  Alcohol  Malic acid   Ash  Alcalinity of ash  Magnesium  \\\n",
       "0              1    14.23        1.71  2.43               15.6        127   \n",
       "1              1    13.20        1.78  2.14               11.2        100   \n",
       "2              1    13.16        2.36  2.67               18.6        101   \n",
       "3              1    14.37        1.95  2.50               16.8        113   \n",
       "4              1    13.24        2.59  2.87               21.0        118   \n",
       "..           ...      ...         ...   ...                ...        ...   \n",
       "173            3    13.71        5.65  2.45               20.5         95   \n",
       "174            3    13.40        3.91  2.48               23.0        102   \n",
       "175            3    13.27        4.28  2.26               20.0        120   \n",
       "176            3    13.17        2.59  2.37               20.0        120   \n",
       "177            3    14.13        4.10  2.74               24.5         96   \n",
       "\n",
       "     Total phenols  Flavanoids  Nonflavanoid phenols  Proanthocyanins  \\\n",
       "0             2.80        3.06                  0.28             2.29   \n",
       "1             2.65        2.76                  0.26             1.28   \n",
       "2             2.80        3.24                  0.30             2.81   \n",
       "3             3.85        3.49                  0.24             2.18   \n",
       "4             2.80        2.69                  0.39             1.82   \n",
       "..             ...         ...                   ...              ...   \n",
       "173           1.68        0.61                  0.52             1.06   \n",
       "174           1.80        0.75                  0.43             1.41   \n",
       "175           1.59        0.69                  0.43             1.35   \n",
       "176           1.65        0.68                  0.53             1.46   \n",
       "177           2.05        0.76                  0.56             1.35   \n",
       "\n",
       "     Color intensity   Hue  OD280/OD315 of diluted wines  Prolines  \n",
       "0               5.64  1.04                          3.92      1065  \n",
       "1               4.38  1.05                          3.40      1050  \n",
       "2               5.68  1.03                          3.17      1185  \n",
       "3               7.80  0.86                          3.45      1480  \n",
       "4               4.32  1.04                          2.93       735  \n",
       "..               ...   ...                           ...       ...  \n",
       "173             7.70  0.64                          1.74       740  \n",
       "174             7.30  0.70                          1.56       750  \n",
       "175            10.20  0.59                          1.56       835  \n",
       "176             9.30  0.60                          1.62       840  \n",
       "177             9.20  0.61                          1.60       560  \n",
       "\n",
       "[178 rows x 14 columns]"
      ]
     },
     "execution_count": 3,
     "metadata": {},
     "output_type": "execute_result"
    }
   ],
   "source": [
    "df_wine"
   ]
  },
  {
   "cell_type": "markdown",
   "id": "e746959c",
   "metadata": {},
   "source": [
    "### ▼ STEP_1 :  d次元のデータセットをN(0,1)になるように標準化する"
   ]
  },
  {
   "cell_type": "code",
   "execution_count": 27,
   "id": "bc597c2c",
   "metadata": {},
   "outputs": [],
   "source": [
    "from sklearn.model_selection import train_test_split ##テキストにある cross_validationは廃止\n",
    "from sklearn.preprocessing import StandardScaler\n",
    "X,y = df_wine.iloc[:,1:].values,df_wine.iloc[:,0].values\n",
    "X_train,X_test,y_train,y_test = train_test_split(X,y,test_size=0.3,stratify=y,random_state=0) ##訓練データとテストデータに分割\n",
    "sc =StandardScaler()\n",
    "X_train_std = sc.fit_transform(X_train)\n",
    "X_test_std = sc.transform(X_test)\n",
    "##訓練データを学習（変換式を作る）と値を変換\n",
    "##テストデータを変換（訓練データで作られた変換式で変換する）"
   ]
  },
  {
   "cell_type": "code",
   "execution_count": 28,
   "id": "b87bf905",
   "metadata": {},
   "outputs": [
    {
     "data": {
      "text/plain": [
       "array([[ 0.7123,  2.2205, -0.1303, ..., -0.2002, -0.8216, -0.6295],\n",
       "       [ 0.8823, -0.7046,  1.1753, ...,  1.3398,  0.5493,  1.4757],\n",
       "       [ 0.8459, -0.7302,  1.1753, ...,  1.0681,  0.1308,  1.6293],\n",
       "       ...,\n",
       "       [ 1.028 ,  2.2975, -0.5779, ..., -1.6949, -1.8607, -1.0443],\n",
       "       [-1.3038, -1.0809, -0.3168, ...,  0.1622,  0.7369,  0.4031],\n",
       "       [-0.4051,  1.2968,  0.0563, ...,  1.0681,  0.7369, -0.8968]])"
      ]
     },
     "execution_count": 28,
     "metadata": {},
     "output_type": "execute_result"
    }
   ],
   "source": [
    "X_train_std"
   ]
  },
  {
   "cell_type": "code",
   "execution_count": 29,
   "id": "0f1ea59f",
   "metadata": {},
   "outputs": [
    {
     "data": {
      "text/plain": [
       "array([3, 1, 1, 1, 3, 2, 2, 3, 2, 2, 2, 1, 2, 3, 1, 3, 2, 1, 3, 3, 2, 1,\n",
       "       2, 2, 2, 2, 3, 1, 2, 2, 1, 1, 3, 1, 2, 1, 1, 2, 3, 3, 1, 3, 3, 3,\n",
       "       1, 2, 3, 3, 2, 3, 2, 2, 2, 1, 2, 2, 3, 3, 2, 1, 1, 2, 3, 3, 2, 1,\n",
       "       2, 2, 2, 1, 1, 1, 1, 1, 3, 1, 2, 3, 2, 2, 3, 1, 2, 1, 2, 2, 3, 2,\n",
       "       1, 1, 1, 3, 2, 1, 1, 2, 2, 3, 3, 2, 1, 1, 2, 2, 3, 1, 3, 1, 2, 2,\n",
       "       2, 2, 1, 3, 1, 1, 1, 1, 2, 2, 3, 3, 2, 2])"
      ]
     },
     "execution_count": 29,
     "metadata": {},
     "output_type": "execute_result"
    }
   ],
   "source": [
    "y_train"
   ]
  },
  {
   "cell_type": "markdown",
   "id": "1d1daf8a",
   "metadata": {},
   "source": [
    "### ▼STEP_2 : クラスごとにd次元の平均ベクトル(各次元の平均値で構成されるベクトル)を計算"
   ]
  },
  {
   "cell_type": "code",
   "execution_count": 30,
   "id": "7896f0d3",
   "metadata": {},
   "outputs": [
    {
     "name": "stdout",
     "output_type": "stream",
     "text": [
      "MV 1: [ 0.9066 -0.3497  0.3201 -0.7189  0.5056  0.8807  0.9589 -0.5516  0.5416\n",
      "  0.2338  0.5897  0.6563  1.2075] \n",
      "\n",
      "MV 2: [-0.8749 -0.2848 -0.3735  0.3157 -0.3848 -0.0433  0.0635 -0.0946  0.0703\n",
      " -0.8286  0.3144  0.3608 -0.7253] \n",
      "\n",
      "MV 3: [ 0.1992  0.866   0.1682  0.4148 -0.0451 -1.0286 -1.2876  0.8287 -0.7795\n",
      "  0.9649 -1.209  -1.3622 -0.4013] \n",
      "\n"
     ]
    }
   ],
   "source": [
    "np.set_printoptions(precision=4) ##表示桁数を指定　小数点以下４桁まで設定\n",
    "mean_vecs = []\n",
    "for label in range(1,4):     \n",
    "    mean_vecs.append(np.mean(X_train_std[y_train==label],axis=0))\n",
    "    print('MV %s: %s \\n' %(label,mean_vecs[label-1])) \n",
    "    ##目的関数のクラスラベルの数(1~3)だけ平均値ベクトルを作成（クラスごとの平均）\n",
    "    ##例えば、クラス1のAlcoholの平均が0.9066のようになる"
   ]
  },
  {
   "cell_type": "markdown",
   "id": "863f6a42",
   "metadata": {},
   "source": [
    "### ▼STEP_3：平均ベクトルを使って、クラス内(郡内)変動行列Swとクラス間(群間)変動行列Sbを生成"
   ]
  },
  {
   "cell_type": "markdown",
   "id": "053c56ba",
   "metadata": {},
   "source": [
    "・クラス内変動行列 ：　個々のデータと個々のクラスの平均との差を用いた平方和"
   ]
  },
  {
   "cell_type": "code",
   "execution_count": 31,
   "id": "c0ee7c5a",
   "metadata": {},
   "outputs": [
    {
     "name": "stdout",
     "output_type": "stream",
     "text": [
      "With-class scatter matrix: 13x13\n"
     ]
    }
   ],
   "source": [
    "d = 13 ##特徴量数\n",
    "S_W = np.zeros((d,d)) ##13 × 13の零行列を作成\n",
    "for label , mv in zip(range(1,4),mean_vecs):    ##zip関数で1~3のクラスラベルと平均ベクトルを変数であるlabelとmvに格納\n",
    "    class_scatter = np.zeros((d,d))\n",
    "    for row in X_train_std[y_train == label]:  ##クラスラベルに対応するtrainデータをrowに格納 →式のxにあたる\n",
    "        row,mv = row.reshape(d,1),mv.reshape(d,1) ##(x-mi)に関わる部分をrowとmvで作る\n",
    "        class_scatter += (row - mv).dot((row - mv).T) ##(x-mi)(x-mi)^Tを計算\n",
    "    S_W += class_scatter\n",
    "print('With-class scatter matrix: %sx%s' % (S_W.shape[0],S_W.shape[1]))"
   ]
  },
  {
   "cell_type": "code",
   "execution_count": 32,
   "id": "68006ec5",
   "metadata": {},
   "outputs": [
    {
     "data": {
      "text/plain": [
       "[array([ 0.9066, -0.3497,  0.3201, -0.7189,  0.5056,  0.8807,  0.9589,\n",
       "        -0.5516,  0.5416,  0.2338,  0.5897,  0.6563,  1.2075]),\n",
       " array([-0.8749, -0.2848, -0.3735,  0.3157, -0.3848, -0.0433,  0.0635,\n",
       "        -0.0946,  0.0703, -0.8286,  0.3144,  0.3608, -0.7253]),\n",
       " array([ 0.1992,  0.866 ,  0.1682,  0.4148, -0.0451, -1.0286, -1.2876,\n",
       "         0.8287, -0.7795,  0.9649, -1.209 , -1.3622, -0.4013])]"
      ]
     },
     "execution_count": 32,
     "metadata": {},
     "output_type": "execute_result"
    }
   ],
   "source": [
    "mean_vecs ##平均ベクトル"
   ]
  },
  {
   "cell_type": "code",
   "execution_count": 33,
   "id": "2b091e5b",
   "metadata": {},
   "outputs": [
    {
     "data": {
      "text/plain": [
       "array([[ 5.0722e+01,  3.1007e+00, -7.9323e+00, -5.7848e+00, -2.8879e+00,\n",
       "         7.8990e+00,  2.4543e+00,  9.3932e-01,  9.0781e-01,  1.5486e+01,\n",
       "         7.0293e+00, -1.8659e+00,  4.9370e+00],\n",
       "       [ 3.1007e+00,  9.0179e+01,  4.7074e+00,  1.4750e+01, -1.0900e+01,\n",
       "        -8.8059e-02,  9.7797e-01,  8.4547e+00,  4.4732e+00, -1.4494e+01,\n",
       "        -2.0361e+01,  3.5876e+00, -1.1176e+01],\n",
       "       [-7.9323e+00,  4.7074e+00,  1.1189e+02,  7.0126e+01,  2.2213e+01,\n",
       "         1.5505e+01,  1.4856e+01,  2.0454e+01, -2.3344e+00,  1.3787e+00,\n",
       "         5.6585e+00,  8.1917e+00,  3.2570e-01],\n",
       "       [-5.7848e+00,  1.4750e+01,  7.0126e+01,  9.2147e+01,  1.2485e+01,\n",
       "         6.2091e+00,  6.2783e+00,  1.2735e+01, -4.7597e+00, -4.1511e+00,\n",
       "         1.1779e+00,  1.1633e+01, -4.5296e+00],\n",
       "       [-2.8879e+00, -1.0900e+01,  2.2213e+01,  1.2485e+01,  1.0605e+02,\n",
       "         1.0950e+01,  5.2875e+00, -2.1136e+01,  1.3076e+01,  5.9930e+00,\n",
       "         8.4568e+00, -5.3128e-01,  1.1845e+01],\n",
       "       [ 7.8990e+00, -8.8059e-02,  1.5505e+01,  6.2091e+00,  1.0950e+01,\n",
       "         5.7194e+01,  2.8971e+01, -7.4850e+00,  3.0810e+01,  1.5516e+01,\n",
       "         6.6816e-01,  1.9382e+01,  6.3808e+00],\n",
       "       [ 2.4543e+00,  9.7797e-01,  1.4856e+01,  6.2783e+00,  5.2875e+00,\n",
       "         2.8971e+01,  3.1388e+01, -1.0236e+01,  2.5069e+01,  1.4922e+01,\n",
       "        -1.2394e+00,  1.2737e+01,  2.7636e+00],\n",
       "       [ 9.3932e-01,  8.4547e+00,  2.0454e+01,  1.2735e+01, -2.1136e+01,\n",
       "        -7.4850e+00, -1.0236e+01,  8.8416e+01, -1.5290e+01, -6.5190e-01,\n",
       "         2.8315e+00, -1.7076e+01, -7.0906e+00],\n",
       "       [ 9.0781e-01,  4.4732e+00, -2.3344e+00, -4.7597e+00,  1.3076e+01,\n",
       "         3.0810e+01,  2.5069e+01, -1.5290e+01,  9.1676e+01,  2.2137e+01,\n",
       "        -5.9150e+00,  1.1376e+01,  5.9764e+00],\n",
       "       [ 1.5486e+01, -1.4494e+01,  1.3787e+00, -4.1511e+00,  5.9930e+00,\n",
       "         1.5516e+01,  1.4922e+01, -6.5190e-01,  2.2137e+01,  5.6702e+01,\n",
       "        -1.0507e+01, -5.3682e+00,  1.0706e+01],\n",
       "       [ 7.0293e+00, -2.0361e+01,  5.6585e+00,  1.1779e+00,  8.4568e+00,\n",
       "         6.6816e-01, -1.2394e+00,  2.8315e+00, -5.9150e+00, -1.0507e+01,\n",
       "         5.6566e+01,  3.2692e+00,  9.6829e+00],\n",
       "       [-1.8659e+00,  3.5876e+00,  8.1917e+00,  1.1633e+01, -5.3128e-01,\n",
       "         1.9382e+01,  1.2737e+01, -1.7076e+01,  1.1376e+01, -5.3682e+00,\n",
       "         3.2692e+00,  3.8599e+01, -4.6404e+00],\n",
       "       [ 4.9370e+00, -1.1176e+01,  3.2570e-01, -4.5296e+00,  1.1845e+01,\n",
       "         6.3808e+00,  2.7636e+00, -7.0906e+00,  5.9764e+00,  1.0706e+01,\n",
       "         9.6829e+00, -4.6404e+00,  3.2604e+01]])"
      ]
     },
     "execution_count": 33,
     "metadata": {},
     "output_type": "execute_result"
    }
   ],
   "source": [
    "S_W"
   ]
  },
  {
   "cell_type": "markdown",
   "id": "93bb62a4",
   "metadata": {},
   "source": [
    "- クラスラベル(y_train)が一様に分布している必要があるが、全然していないので、スケーリングが必要。"
   ]
  },
  {
   "cell_type": "code",
   "execution_count": 34,
   "id": "9aec4ed1",
   "metadata": {},
   "outputs": [
    {
     "name": "stdout",
     "output_type": "stream",
     "text": [
      "Class label distribution : [41 50 33]\n"
     ]
    }
   ],
   "source": [
    "print('Class label distribution : %s' %np.bincount(y_train)[1:])"
   ]
  },
  {
   "cell_type": "markdown",
   "id": "c9066476",
   "metadata": {},
   "source": [
    "- スケーリングでは、変動行列の要素をそれぞれのクラスラベルの数で割る。"
   ]
  },
  {
   "cell_type": "code",
   "execution_count": 35,
   "id": "de14c995",
   "metadata": {},
   "outputs": [
    {
     "name": "stdout",
     "output_type": "stream",
     "text": [
      "Scaled with-class scatter matrix :  13x13\n"
     ]
    }
   ],
   "source": [
    "d = 13\n",
    "S_W = np.zeros((d,d))\n",
    "for label , mv in zip(range(1,4),mean_vecs):\n",
    "    class_scatter = np.cov(X_train_std[y_train == label].T)##共分散行列を求める\n",
    "    S_W += class_scatter\n",
    "print('Scaled with-class scatter matrix :  %sx%s' % (S_W.shape[0],S_W.shape[1]))"
   ]
  },
  {
   "cell_type": "code",
   "execution_count": 36,
   "id": "61dac132",
   "metadata": {},
   "outputs": [
    {
     "data": {
      "text/plain": [
       "array([[ 1.2448,  0.0967, -0.1276, -0.1105, -0.0726,  0.2374,  0.0753,\n",
       "         0.0231,  0.1102,  0.4261,  0.1411, -0.0155,  0.1224],\n",
       "       [ 0.0967,  2.2666,  0.1168,  0.3517, -0.2622, -0.0467, -0.0186,\n",
       "         0.2194,  0.0187, -0.3939, -0.4167,  0.0787, -0.2492],\n",
       "       [-0.1276,  0.1168,  2.6024,  1.6442,  0.5364,  0.3947,  0.3191,\n",
       "         0.4553, -0.0353,  0.06  ,  0.167 ,  0.1987, -0.0081],\n",
       "       [-0.1105,  0.3517,  1.6442,  2.1604,  0.325 ,  0.1535,  0.1222,\n",
       "         0.273 , -0.0824, -0.068 ,  0.0336,  0.2548, -0.1201],\n",
       "       [-0.0726, -0.2622,  0.5364,  0.325 ,  2.4397,  0.2384,  0.1433,\n",
       "        -0.5166,  0.2566,  0.1445,  0.1777, -0.0058,  0.2509],\n",
       "       [ 0.2374, -0.0467,  0.3947,  0.1535,  0.2384,  1.352 ,  0.6416,\n",
       "        -0.0781,  0.7644,  0.4392,  0.0177,  0.4359,  0.1554],\n",
       "       [ 0.0753, -0.0186,  0.3191,  0.1222,  0.1433,  0.6416,  0.6968,\n",
       "        -0.2588,  0.5765,  0.3851, -0.0408,  0.2525,  0.0748],\n",
       "       [ 0.0231,  0.2194,  0.4553,  0.273 , -0.5166, -0.0781, -0.2588,\n",
       "         2.1795, -0.2801, -0.0363,  0.1208, -0.332 , -0.1485],\n",
       "       [ 0.1102,  0.0187, -0.0353, -0.0824,  0.2566,  0.7644,  0.5765,\n",
       "        -0.2801,  2.1792,  0.6795, -0.1815,  0.2323,  0.1568],\n",
       "       [ 0.4261, -0.3939,  0.06  , -0.068 ,  0.1445,  0.4392,  0.3851,\n",
       "        -0.0363,  0.6795,  1.6141, -0.3417, -0.1241,  0.2666],\n",
       "       [ 0.1411, -0.4167,  0.167 ,  0.0336,  0.1777,  0.0177, -0.0408,\n",
       "         0.1208, -0.1815, -0.3417,  1.3119,  0.0917,  0.2232],\n",
       "       [-0.0155,  0.0787,  0.1987,  0.2548, -0.0058,  0.4359,  0.2525,\n",
       "        -0.332 ,  0.2323, -0.1241,  0.0917,  0.8714, -0.1167],\n",
       "       [ 0.1224, -0.2492, -0.0081, -0.1201,  0.2509,  0.1554,  0.0748,\n",
       "        -0.1485,  0.1568,  0.2666,  0.2232, -0.1167,  0.7862]])"
      ]
     },
     "execution_count": 36,
     "metadata": {},
     "output_type": "execute_result"
    }
   ],
   "source": [
    "S_W"
   ]
  },
  {
   "cell_type": "markdown",
   "id": "23cbd516",
   "metadata": {},
   "source": [
    "・　クラス間変動（クラス間共分散行列）を求める  \n",
    "　　→個々のクラスの平均と全体平均の差を用いた平方和に個々のクラスにある数を重みとして乗じたもの（スケーリングは必要ない）"
   ]
  },
  {
   "cell_type": "code",
   "execution_count": 37,
   "id": "9fc12984",
   "metadata": {},
   "outputs": [],
   "source": [
    "mean_overall = np.mean(X_train_std,axis=0) ##行方向の平均\n",
    "d = 13\n",
    "S_B = np.zeros((d,d))\n",
    "for i ,mean_vecs in enumerate(mean_vecs):\n",
    "    n = X_train_std[y_train == i + 1,:].shape[0] ##i==0からスタートしているから+1 、クラスごとの行数を取得(重みのため)\n",
    "    mean_vecs = mean_vecs.reshape(d,1) ##13行1列の列ベクトルを作成\n",
    "    mean_overall = mean_overall.reshape(d,1) \n",
    "    S_B += n * (mean_vecs - mean_overall).dot((mean_vecs - mean_overall).T) "
   ]
  },
  {
   "cell_type": "code",
   "execution_count": 38,
   "id": "910517e9",
   "metadata": {},
   "outputs": [
    {
     "data": {
      "text/plain": [
       "array([[ 73.2779,   5.1521,  29.3409, -37.8053,  35.3288,  27.8688,\n",
       "         24.4037, -10.917 ,  11.9293,  51.2816,   0.2198,  -0.3445,\n",
       "         73.9711],\n",
       "       [  5.1521,  33.8209,   5.5342,  17.6688,  -3.0595, -41.4067,\n",
       "        -51.4514,  32.9397, -31.0444,  36.0237, -47.4845, -53.4785,\n",
       "        -18.4551],\n",
       "       [ 29.3409,   5.5342,  12.1084, -13.0286,  13.5707,   6.6597,\n",
       "          4.2554,  -0.8742,   1.4687,  23.8967,  -4.84  ,  -5.6837,\n",
       "         27.1642],\n",
       "       [-37.8053,  17.6688, -13.0286,  31.8532, -21.5944, -40.7237,\n",
       "        -44.8903,  26.1101, -25.5242,  -6.7623, -28.9705, -32.2968,\n",
       "        -52.5343],\n",
       "       [ 35.3288,  -3.0595,  13.5707, -21.5944,  17.9512,  20.621 ,\n",
       "         20.5742, -10.8479,  11.0338,  19.3529,   7.9757,   8.6902,\n",
       "         39.5823],\n",
       "       [ 27.8688, -41.4067,   6.6597, -40.7237,  20.621 ,  66.8061,\n",
       "         78.1916, -47.8401,  45.861 , -22.5142,  61.6487,  69.1515,\n",
       "         58.7931],\n",
       "       [ 24.4037, -51.4514,   4.2554, -44.8903,  20.5742,  78.1916,\n",
       "         92.6119, -57.1978,  54.6364, -34.4354,  75.5525,  84.8261,\n",
       "         62.2248],\n",
       "       [-10.917 ,  32.9397,  -0.8742,  26.1101, -10.8479, -47.8401,\n",
       "        -57.1978,  35.584 , -33.8973,  25.0189, -47.8855, -53.8   ,\n",
       "        -34.852 ],\n",
       "       [ 11.9293, -31.0444,   1.4687, -25.5242,  11.0338,  45.861 ,\n",
       "         54.6364, -33.8973,  32.3239, -22.5432,  45.299 ,  50.8811,\n",
       "         34.5842],\n",
       "       [ 51.2816,  36.0237,  23.8967,  -6.7623,  19.3529, -22.5142,\n",
       "        -34.4354,  25.0189, -22.5432,  67.2979, -45.8689, -52.0329,\n",
       "         28.8464],\n",
       "       [  0.2198, -47.4845,  -4.84  , -28.9705,   7.9757,  61.6487,\n",
       "         75.5525, -47.8855,  45.299 , -45.8689,  67.4344,  75.8858,\n",
       "         33.8052],\n",
       "       [ -0.3445, -53.4785,  -5.6837, -32.2968,   8.6902,  69.1515,\n",
       "         84.8261, -53.8   ,  50.8811, -52.0329,  75.8858,  85.4011,\n",
       "         37.4455],\n",
       "       [ 73.9711, -18.4551,  27.1642, -52.5343,  39.5823,  58.7931,\n",
       "         62.2248, -34.852 ,  34.5842,  28.8464,  33.8052,  37.4455,\n",
       "         91.3961]])"
      ]
     },
     "execution_count": 38,
     "metadata": {},
     "output_type": "execute_result"
    }
   ],
   "source": [
    "S_B"
   ]
  },
  {
   "cell_type": "code",
   "execution_count": 39,
   "id": "27fc665f",
   "metadata": {},
   "outputs": [
    {
     "name": "stdout",
     "output_type": "stream",
     "text": [
      "Between-class scatter matrix: 13x13\n"
     ]
    }
   ],
   "source": [
    "print(('Between-class scatter matrix: %sx%s' % (S_B.shape[0],S_B.shape[1])))"
   ]
  },
  {
   "cell_type": "markdown",
   "id": "00342052",
   "metadata": {},
   "source": [
    "### ▼STEP_4 : 新しい特徴量部分空間の線形判別を選択する"
   ]
  },
  {
   "cell_type": "markdown",
   "id": "0dc4b876",
   "metadata": {},
   "source": [
    "- 特徴量部分空間：ベクトル空間において、ベクトル空間の演算によって閉じている部分集合が部分空間。    \n",
    "  部分空間の要素は、ベクトルの和とスカラー倍で座標を表すことができる。     "
   ]
  },
  {
   "cell_type": "code",
   "execution_count": 40,
   "id": "9a7ad13c",
   "metadata": {},
   "outputs": [],
   "source": [
    "eigen_vals,eigen_vecs = np.linalg.eig(np.linalg.inv(S_W).dot(S_B)) ##固有値を求める inv：逆行列　dot：行列積 eig：関数の固有値を計算"
   ]
  },
  {
   "cell_type": "code",
   "execution_count": 41,
   "id": "cd127044",
   "metadata": {},
   "outputs": [
    {
     "name": "stdout",
     "output_type": "stream",
     "text": [
      "Eigenvalues in descending order: \n",
      "\n",
      "349.61780890599385\n",
      "172.76152218979385\n",
      "1.1798161672574308e-13\n",
      "3.015196320173811e-14\n",
      "3.015196320173811e-14\n",
      "1.944684071711892e-14\n",
      "1.944684071711892e-14\n",
      "1.3935334529657542e-14\n",
      "1.3935334529657542e-14\n",
      "8.038183466229974e-15\n",
      "8.038183466229974e-15\n",
      "5.516577490877434e-15\n",
      "4.52314935806583e-15\n"
     ]
    }
   ],
   "source": [
    "eigen_pairs = [(np.abs(eigen_vals[i]),eigen_vecs[:,i]) ##eigen_vals(固有値)の絶対値を取り、固有ベクトルと固有対にする\n",
    "                         for i in range(len(eigen_vals))]\n",
    "eigen_pairs = sorted(eigen_pairs,key=lambda k: k[0],reverse=True) ##無名関数lambda 要素kを受け取りk[0]を返す(k[0]を基準に並べる)\n",
    "print('Eigenvalues in descending order: \\n')\n",
    "for eigen_val in eigen_pairs:\n",
    "    print(eigen_val[0])"
   ]
  },
  {
   "cell_type": "code",
   "execution_count": 42,
   "id": "991fcff7",
   "metadata": {},
   "outputs": [
    {
     "data": {
      "text/plain": [
       "array([ 3.4962e+02+0.0000e+00j,  1.7276e+02+0.0000e+00j,\n",
       "       -1.1798e-13+0.0000e+00j, -3.0096e-14+1.8363e-15j,\n",
       "       -3.0096e-14-1.8363e-15j,  1.9014e-15+1.9354e-14j,\n",
       "        1.9014e-15-1.9354e-14j,  1.3081e-14+4.8032e-15j,\n",
       "        1.3081e-14-4.8032e-15j,  5.5166e-15+0.0000e+00j,\n",
       "       -4.1958e-15+6.8562e-15j, -4.1958e-15-6.8562e-15j,\n",
       "       -4.5231e-15+0.0000e+00j])"
      ]
     },
     "execution_count": 42,
     "metadata": {},
     "output_type": "execute_result"
    }
   ],
   "source": [
    "eigen_vals"
   ]
  },
  {
   "cell_type": "code",
   "execution_count": 43,
   "id": "c732b656",
   "metadata": {},
   "outputs": [
    {
     "data": {
      "text/plain": [
       "array([[-0.1481+0.j    , -0.4092+0.j    , -0.1569+0.j    ,\n",
       "        -0.0786-0.0145j, -0.0786+0.0145j,  0.3   +0.2405j,\n",
       "         0.3   -0.2405j,  0.3253-0.0123j,  0.3253+0.0123j,\n",
       "         0.4062+0.j    , -0.212 -0.0377j, -0.212 +0.0377j,\n",
       "         0.1438+0.j    ],\n",
       "       [ 0.0908+0.j    , -0.1577+0.j    , -0.1661+0.j    ,\n",
       "        -0.2466-0.0758j, -0.2466+0.0758j, -0.504 +0.j    ,\n",
       "        -0.504 -0.j    , -0.1106+0.0991j, -0.1106-0.0991j,\n",
       "        -0.4345+0.j    ,  0.1727-0.1064j,  0.1727+0.1064j,\n",
       "        -0.2508+0.j    ],\n",
       "       [-0.0168+0.j    , -0.3537+0.j    ,  0.2965+0.j    ,\n",
       "         0.6184+0.j    ,  0.6184-0.j    , -0.0504+0.3697j,\n",
       "        -0.0504-0.3697j,  0.0857-0.3299j,  0.0857+0.3299j,\n",
       "        -0.3905+0.j    , -0.0291+0.1952j, -0.0291-0.1952j,\n",
       "         0.0038+0.j    ],\n",
       "       [ 0.1484+0.j    ,  0.3223+0.j    , -0.0506+0.j    ,\n",
       "        -0.05  +0.0364j, -0.05  -0.0364j,  0.2731+0.1927j,\n",
       "         0.2731-0.1927j, -0.2182+0.1804j, -0.2182-0.1804j,\n",
       "         0.3918+0.j    , -0.2878-0.0721j, -0.2878+0.0721j,\n",
       "         0.3695+0.j    ],\n",
       "       [-0.0163+0.j    , -0.0817+0.j    ,  0.028 +0.j    ,\n",
       "         0.019 -0.0143j,  0.019 +0.0143j, -0.0232-0.0767j,\n",
       "        -0.0232+0.0767j, -0.0231-0.0603j, -0.0231+0.0603j,\n",
       "         0.2642+0.j    , -0.0349-0.137j , -0.0349+0.137j ,\n",
       "         0.2496+0.j    ],\n",
       "       [ 0.1913+0.j    ,  0.0842+0.j    , -0.0498+0.j    ,\n",
       "        -0.2604+0.1201j, -0.2604-0.1201j,  0.0234+0.2353j,\n",
       "         0.0234-0.2353j, -0.0522-0.063j , -0.0522+0.063j ,\n",
       "         0.1268+0.j    , -0.0094+0.1021j, -0.0094-0.1021j,\n",
       "         0.0699+0.j    ],\n",
       "       [-0.7338+0.j    ,  0.2823+0.j    , -0.6377+0.j    ,\n",
       "         0.4896+0.0653j,  0.4896-0.0653j, -0.161 +0.126j ,\n",
       "        -0.161 -0.126j , -0.2382-0.136j , -0.2382+0.136j ,\n",
       "        -0.2214+0.j    ,  0.4556-0.0358j,  0.4556+0.0358j,\n",
       "        -0.4608+0.j    ],\n",
       "       [-0.075 +0.j    , -0.0102+0.j    ,  0.0596+0.j    ,\n",
       "         0.1607+0.0684j,  0.1607-0.0684j,  0.0537+0.1872j,\n",
       "         0.0537-0.1872j, -0.0673+0.2201j, -0.0673-0.2201j,\n",
       "        -0.0425+0.j    ,  0.0116+0.0821j,  0.0116-0.0821j,\n",
       "        -0.0103+0.j    ],\n",
       "       [ 0.0018+0.j    ,  0.0907+0.j    ,  0.0038+0.j    ,\n",
       "         0.0156+0.0167j,  0.0156-0.0167j,  0.0777+0.0253j,\n",
       "         0.0777-0.0253j,  0.2193-0.1577j,  0.2193+0.1577j,\n",
       "        -0.3725+0.j    ,  0.0643+0.0219j,  0.0643-0.0219j,\n",
       "        -0.0429+0.j    ],\n",
       "       [ 0.294 +0.j    , -0.2152+0.j    , -0.1327+0.j    ,\n",
       "        -0.0388-0.0997j, -0.0388+0.0997j, -0.1909-0.0443j,\n",
       "        -0.1909+0.0443j, -0.4115+0.j    , -0.4115-0.j    ,\n",
       "        -0.2297+0.j    ,  0.4865+0.j    ,  0.4865-0.j    ,\n",
       "        -0.4768+0.j    ],\n",
       "       [-0.0328+0.j    ,  0.2747+0.j    , -0.1757+0.j    ,\n",
       "        -0.2985-0.1791j, -0.2985+0.1791j, -0.2013-0.0421j,\n",
       "        -0.2013+0.0421j, -0.0323+0.274j , -0.0323-0.274j ,\n",
       "        -0.0539+0.j    , -0.2642-0.0241j, -0.2642+0.0241j,\n",
       "         0.1972+0.j    ],\n",
       "       [-0.3547+0.j    , -0.0124+0.j    ,  0.5273+0.j    ,\n",
       "         0.0111-0.0871j,  0.0111+0.0871j, -0.0565+0.0466j,\n",
       "        -0.0565-0.0466j, -0.2096+0.1215j, -0.2096-0.1215j,\n",
       "         0.0034+0.j    ,  0.2358-0.0444j,  0.2358+0.0444j,\n",
       "        -0.2641+0.j    ],\n",
       "       [-0.3915+0.j    , -0.5958+0.j    ,  0.3424+0.j    ,\n",
       "        -0.1993+0.0549j, -0.1993-0.0549j,  0.081 -0.3254j,\n",
       "         0.081 +0.3254j, -0.1116+0.3835j, -0.1116-0.3835j,\n",
       "         0.0952+0.j    , -0.4117-0.0222j, -0.4117+0.0222j,\n",
       "         0.403 +0.j    ]])"
      ]
     },
     "execution_count": 43,
     "metadata": {},
     "output_type": "execute_result"
    }
   ],
   "source": [
    "eigen_vecs"
   ]
  },
  {
   "cell_type": "code",
   "execution_count": 21,
   "id": "a0099e86",
   "metadata": {},
   "outputs": [
    {
     "data": {
